{
  "left": {
    "thumb": [
      {
        "length": 0.03907896342423654,
        "position": {
          "x": 0.7476580223737043,
          "y": 0.2877289325985639,
          "z": -0.5985144467144738
        },
        "V": {
          "elements": [
            0.8419406024346716,
            0.5084784786586063,
            -0.1805149819626379,
            0,
            0.4284334373730602,
            -0.8333702817023125,
            -0.3491973128706918,
            0,
            -0.3279951397698542,
            0.21666474174732994,
            -0.9194974594695282,
            0,
            0,
            0,
            0,
            1
          ]
        },
        "Vinv": {
          "elements": [
            0.7476580223737043,
            0.2877289325985639,
            -0.5985144467144738,
            0,
            0.35916192491992294,
            -0.9332752604070331,
            -2.7755575615628914e-17,
            0,
            -0.558578726114822,
            -0.21496360077435306,
            -0.801112012813481,
            0,
            0,
            0,
            0,
            1
          ]
        },
        "degree": 0
      },
      {
        "length": 0.03019552259539298,
        "V": {
          "elements": [
            0.9490661710017066,
            0.010706294130474645,
            0.3148948686881878,
            0,
            -0.09745332039274718,
            0.960389975846587,
            0.26106310470424576,
            0,
            -0.29962685694808433,
            -0.27845371169977823,
            0.912517000957258,
            0,
            0,
            0,
            0,
            1
          ]
        },
        "Vinv": {
          "elements": [
            0.9490661710017066,
            -0.09745332039274725,
            -0.2996268569480845,
            0,
            0.01070629413047465,
            0.9603899758465875,
            -0.27845371169977834,
            0,
            0.3148948686881878,
            0.26106310470424593,
            0.9125170009572585,
            0,
            0,
            0,
            0,
            1
          ]
        },
        "degree": 1
      },
      {
        "length": 0.03505352651644845,
        "V": {
          "elements": [
            1,
            -1.2929704784343517e-16,
            -4.767087716800827e-16,
            0,
            1.2929704784343475e-16,
            1,
            -8.981744003308457e-16,
            0,
            4.655764119911554e-16,
            8.981744003308457e-16,
            1,
            0,
            0,
            0,
            0,
            1
          ]
        },
        "Vinv": {
          "elements": [
            1,
            1.2929704784343475e-16,
            4.767087716800828e-16,
            0,
            -1.2929704784343517e-16,
            1,
            8.981744003308457e-16,
            0,
            -4.6557641199115535e-16,
            -8.981744003308457e-16,
            1,
            0,
            0,
            0,
            0,
            1
          ]
        },
        "degree": 2
      },
      {
        "length": 0.028826618361281475,
        "V": {
          "elements": [
            1,
            1.931713525812659e-17,
            2.5921343376829137e-33,
            0,
            -1.931713525812659e-17,
            1,
            1.341883412341082e-16,
            0,
            2.5921343376829137e-33,
            -1.341883412341082e-16,
            1,
            0,
            0,
            0,
            0,
            1
          ]
        },
        "Vinv": {
          "elements": [
            1,
            -1.931713525812659e-17,
            0,
            0,
            1.931713525812659e-17,
            1,
            -1.341883412341082e-16,
            0,
            0,
            1.341883412341082e-16,
            1,
            0,
            0,
            0,
            0,
            1
          ]
        },
        "degree": 1
      }
    ],
    "indexFinger": [
      {
        "length": 0.09701798015539322,
        "position": {
          "x": 0.9821041989044229,
          "y": 0.02657402374586609,
          "z": -0.18645418674906686
        },
        "V": {
          "elements": [
            0.9979179664695701,
            -0.018608666756515974,
            -0.061753135295164144,
            0,
            -0.02739334182073415,
            -0.9891090325764933,
            -0.14461302327067935,
            0,
            -0.0583895283516688,
            0.14600355885093544,
            -0.9875594279747074,
            0,
            0,
            0,
            0,
            1
          ]
        },
        "Vinv": {
          "elements": [
            0.9821041989044229,
            0.02657402374586609,
            -0.18645418674906686,
            0,
            0.027048352955779002,
            -0.999634126369433,
            -8.673617379884035e-19,
            0,
            -0.1863859680788266,
            -0.0050432786532714925,
            -0.9824636564493081,
            0,
            0,
            0,
            0,
            1
          ]
        },
        "degree": 0
      },
      {
        "length": 0.026737170684837244,
        "V": {
          "elements": [
            0.990218445739377,
            -0.07178323150454732,
            0.1196436266261474,
            0,
            0.05437535669729167,
            0.988243809877251,
            0.1428897925792395,
            0,
            -0.12849416446490747,
            -0.13498644344548216,
            0.9824804882461561,
            0,
            0,
            0,
            0,
            1
          ]
        },
        "Vinv": {
          "elements": [
            0.9902184457393771,
            0.05437535669729167,
            -0.12849416446490752,
            0,
            -0.07178323150454732,
            0.988243809877251,
            -0.13498644344548216,
            0,
            0.11964362662614736,
            0.14288979257923948,
            0.9824804882461559,
            0,
            0,
            0,
            0,
            1
          ]
        },
        "degree": 2
      },
      {
        "length": 0.01972831328526325,
        "V": {
          "elements": [
            1,
            6.531654528789586e-16,
            1.3142794481562972e-16,
            0,
            -6.531654528789585e-16,
            1,
            -1.030972271474928e-15,
            0,
            -1.2464844385009383e-16,
            1.030972271474928e-15,
            1,
            0,
            0,
            0,
            0,
            1
          ]
        },
        "Vinv": {
          "elements": [
            1,
            -6.531654528789585e-16,
            -1.3142794481563039e-16,
            0,
            6.531654528789586e-16,
            1,
            1.030972271474928e-15,
            0,
            1.2464844385009316e-16,
            -1.030972271474928e-15,
            1,
            0,
            0,
            0,
            0,
            1
          ]
        },
        "degree": 1
      },
      {
        "length": 0.027244203135070547,
        "V": {
          "elements": [
            1,
            3.3968093030039163e-18,
            -1.8212355177081086e-35,
            0,
            -3.3968093030039163e-18,
            1,
            -5.36160659975091e-18,
            0,
            -1.8212355177081086e-35,
            5.36160659975091e-18,
            1,
            0,
            0,
            0,
            0,
            1
          ]
        },
        "Vinv": {
          "elements": [
            1,
            -3.3968093030039163e-18,
            0,
            0,
            3.3968093030039163e-18,
            1,
            5.36160659975091e-18,
            0,
            0,
            -5.36160659975091e-18,
            1,
            0,
            0,
            0,
            0,
            1
          ]
        },
        "degree": 1
      }
    ],
    "middleFinger": [
      {
        "length": 0.0938403960745404,
        "position": {
          "x": 1,
          "y": -1.7331317793195075e-18,
          "z": -1.364971855762915e-18
        },
        "V": {
          "elements": [
            0.9854494444194954,
            -0.0924054822161793,
            0.14265559697994104,
            0,
            -0.06424617929751789,
            -0.979544433605709,
            -0.19069643687741636,
            0,
            0.1573588921509653,
            0.1787566207122596,
            -0.9712282170594894,
            0,
            0,
            0,
            0,
            1
          ]
        },
        "Vinv": {
          "elements": [
            1,
            -1.7331317793195075e-18,
            -1.364971855762915e-18,
            0,
            -1.7331317793195075e-18,
            -1,
            0,
            0,
            -1.364971855762915e-18,
            2.3656761010994308e-36,
            -1,
            0,
            0,
            0,
            0,
            1
          ]
        },
        "degree": 0
      },
      {
        "length": 0.033293238273026875,
        "V": {
          "elements": [
            0.9854494444194953,
            -0.09240548221617932,
            0.14265559697994143,
            0,
            0.06424617929751783,
            0.979544433605709,
            0.19069643687741641,
            0,
            -0.1573588921509657,
            -0.17875662071225962,
            0.9712282170594893,
            0,
            0,
            0,
            0,
            1
          ]
        },
        "Vinv": {
          "elements": [
            0.9854494444194952,
            0.0642461792975178,
            -0.1573588921509658,
            0,
            -0.09240548221617928,
            0.9795444336057085,
            -0.17875662071225953,
            0,
            0.14265559697994123,
            0.19069643687741633,
            0.9712282170594889,
            0,
            0,
            0,
            0,
            1
          ]
        },
        "degree": 2
      },
      {
        "length": 0.026782266727871953,
        "V": {
          "elements": [
            1,
            2.5109956399313252e-17,
            -3.960610061948065e-16,
            0,
            -2.510995639931327e-17,
            1,
            -3.902344865407802e-17,
            0,
            4.387901620897914e-16,
            3.902344865407804e-17,
            1,
            0,
            0,
            0,
            0,
            1
          ]
        },
        "Vinv": {
          "elements": [
            0.9999999999999999,
            -2.510995639931326e-17,
            3.9606100619480645e-16,
            0,
            2.5109956399313245e-17,
            0.9999999999999999,
            3.902344865407803e-17,
            0,
            -4.3879016208979134e-16,
            -3.9023448654078026e-17,
            1,
            0,
            0,
            0,
            0,
            1
          ]
        },
        "degree": 1
      },
      {
        "length": 0.029509547948505098,
        "V": {
          "elements": [
            1,
            -3.1963400783167854e-18,
            -1.5877628972989792e-35,
            0,
            3.1963400783167854e-18,
            1,
            4.9674404424922955e-18,
            0,
            -1.5877628972989792e-35,
            -4.9674404424922955e-18,
            1,
            0,
            0,
            0,
            0,
            1
          ]
        },
        "Vinv": {
          "elements": [
            1,
            3.1963400783167854e-18,
            0,
            0,
            -3.1963400783167854e-18,
            1,
            -4.9674404424922955e-18,
            0,
            0,
            4.9674404424922955e-18,
            1,
            0,
            0,
            0,
            0,
            1
          ]
        },
        "degree": 1
      }
    ],
    "ringFinger": [
      {
        "length": 0.09221000256410983,
        "position": {
          "x": 0.9850738809952618,
          "y": 0.059097558801493935,
          "z": 0.16166919163723426
        },
        "V": {
          "elements": [
            0.9460092724331195,
            -0.10704291497881536,
            0.30595468753297145,
            0,
            -0.04202619296411887,
            -0.9764358275809647,
            -0.21167634190248905,
            0,
            0.32140357119282703,
            0.18738967145794055,
            -0.9282159530278408,
            0,
            0,
            0,
            0,
            1
          ]
        },
        "Vinv": {
          "elements": [
            0.9850738809952618,
            0.059097558801493935,
            0.16166919163723426,
            0,
            0.05988535002120526,
            -0.9982052618839663,
            1.734723475976807e-18,
            0,
            0.1613790377768146,
            0.009681616128841084,
            -0.9868450093481566,
            0,
            0,
            0,
            0,
            1
          ]
        },
        "degree": 0
      },
      {
        "length": 0.026551837546689504,
        "V": {
          "elements": [
            0.9813664355873617,
            -0.1328550167218054,
            0.13881449360353368,
            0,
            0.09860286335669627,
            0.9682730785525482,
            0.22961864185695316,
            0,
            -0.16491632557275013,
            -0.2116525215588509,
            0.9633305848343875,
            0,
            0,
            0,
            0,
            1
          ]
        },
        "Vinv": {
          "elements": [
            0.9813664355873617,
            0.09860286335669624,
            -0.1649163255727503,
            0,
            -0.13285501672180539,
            0.968273078552548,
            -0.21165252155885084,
            0,
            0.13881449360353348,
            0.2296186418569531,
            0.9633305848343873,
            0,
            0,
            0,
            0,
            1
          ]
        },
        "degree": 2
      },
      {
        "length": 0.025744596450589418,
        "V": {
          "elements": [
            1,
            -1.1832074299068705e-15,
            -1.437922982053608e-16,
            0,
            1.1832074299068707e-15,
            1,
            1.4375427572947222e-15,
            0,
            1.6436369381649355e-16,
            -1.4375427572947224e-15,
            1,
            0,
            0,
            0,
            0,
            1
          ]
        },
        "Vinv": {
          "elements": [
            1,
            1.1832074299068707e-15,
            1.4379229820535909e-16,
            0,
            -1.1832074299068705e-15,
            1,
            -1.4375427572947224e-15,
            0,
            -1.6436369381649525e-16,
            1.4375427572947222e-15,
            1,
            0,
            0,
            0,
            0,
            1
          ]
        },
        "degree": 1
      },
      {
        "length": 0.027268815082946058,
        "V": {
          "elements": [
            1,
            1.5989043982731444e-16,
            -3.106024500421626e-32,
            0,
            -1.5989043982731444e-16,
            1,
            -1.94259550713364e-16,
            0,
            -3.106024500421626e-32,
            1.9425955071336401e-16,
            1,
            0,
            0,
            0,
            0,
            1
          ]
        },
        "Vinv": {
          "elements": [
            0.9999999999999999,
            -1.5989043982731442e-16,
            0,
            0,
            1.5989043982731442e-16,
            0.9999999999999999,
            1.9425955071336397e-16,
            0,
            0,
            -1.94259550713364e-16,
            1,
            0,
            0,
            0,
            0,
            1
          ]
        },
        "degree": 1
      }
    ],
    "pinky": [
      {
        "length": 0.08203951612184132,
        "position": {
          "x": 0.9252049050920933,
          "y": 0.1382810173289273,
          "z": 0.35337549977326904
        },
        "V": {
          "elements": [
            0.8578248259089767,
            -0.10603493506429809,
            0.5028848383080802,
            0,
            0.0005347883276858507,
            -0.9783005429373787,
            -0.2071901582843041,
            0,
            0.5139419053314084,
            0.17800179840198393,
            -0.839153786686315,
            0,
            0,
            0,
            0,
            1
          ]
        },
        "Vinv": {
          "elements": [
            0.9252049050920933,
            0.1382810173289273,
            0.35337549977326904,
            0,
            0.14781800377887255,
            -0.9890145791437198,
            0,
            0,
            0.34949352118796134,
            0.05223526096084606,
            -0.9354815637734355,
            0,
            0,
            0,
            0,
            1
          ]
        },
        "degree": 0
      },
      {
        "length": 0.0186993474813978,
        "V": {
          "elements": [
            0.9753521653656768,
            -0.17048296189259118,
            0.14008466447407733,
            0,
            0.12627303990498664,
            0.9518796273172572,
            0.2792495201276334,
            0,
            -0.18095102351089135,
            -0.25467770770660153,
            0.9499452575215437,
            0,
            0,
            0,
            0,
            1
          ]
        },
        "Vinv": {
          "elements": [
            0.9753521653656768,
            0.12627303990498662,
            -0.1809510235108914,
            0,
            -0.17048296189259116,
            0.951879627317257,
            -0.2546777077066015,
            0,
            0.14008466447407725,
            0.2792495201276333,
            0.9499452575215435,
            0,
            0,
            0,
            0,
            1
          ]
        },
        "degree": 2
      },
      {
        "length": 0.020547777200755516,
        "V": {
          "elements": [
            1,
            9.578148867548825e-17,
            -1.5071675441538958e-16,
            0,
            -9.578148867548827e-17,
            1,
            -1.0432602032443639e-16,
            0,
            1.8227871203761686e-16,
            1.043260203244364e-16,
            1,
            0,
            0,
            0,
            0,
            1
          ]
        },
        "Vinv": {
          "elements": [
            1,
            -9.578148867548826e-17,
            1.5071675441538958e-16,
            0,
            9.578148867548825e-17,
            1,
            1.043260203244364e-16,
            0,
            -1.8227871203761686e-16,
            -1.0432602032443639e-16,
            1,
            0,
            0,
            0,
            0,
            1
          ]
        },
        "degree": 1
      },
      {
        "length": 0.020006798451469278,
        "V": {
          "elements": [
            1,
            -1.5321060023132732e-16,
            -2.5567524815732305e-32,
            0,
            1.5321060023132732e-16,
            1,
            1.6687830200474898e-16,
            0,
            -2.5567524815732305e-32,
            -1.6687830200474898e-16,
            1,
            0,
            0,
            0,
            0,
            1
          ]
        },
        "Vinv": {
          "elements": [
            1,
            1.5321060023132732e-16,
            0,
            0,
            -1.5321060023132732e-16,
            1,
            -1.6687830200474898e-16,
            0,
            0,
            1.6687830200474898e-16,
            1,
            0,
            0,
            0,
            0,
            1
          ]
        },
        "degree": 1
      }
    ]
  },
  "right": {
    "thumb": [
      {
        "length": 0.03831828383645534,
        "position": {
          "x": 0.7716351809059049,
          "y": 0.2823453905899878,
          "z": 0.5699651112137469
        },
        "V": {
          "elements": [
            0.8707641227787543,
            0.3671769213759894,
            0.3270335623299188,
            0,
            0.3307578924363165,
            -0.9295393275294508,
            0.16295967343849888,
            0,
            0.3638255888092982,
            -0.03373050525780206,
            -0.9308561617901133,
            0,
            0,
            0,
            0,
            1
          ]
        },
        "Vinv": {
          "elements": [
            0.7716351809059049,
            0.2823453905899878,
            0.5699651112137469,
            0,
            0.34362429017284046,
            -0.9391072075131849,
            2.7755575615628914e-17,
            0,
            0.5352583439718838,
            0.19585385676410785,
            -0.8216688943845332,
            0,
            0,
            0,
            0,
            1
          ]
        },
        "degree": 0
      },
      {
        "length": 0.027052299863583804,
        "V": {
          "elements": [
            0.9726680899255071,
            0.0016502744698181121,
            -0.23219402110054443,
            0,
            -0.011401417130990103,
            0.9991079911255394,
            -0.04065992814177687,
            0,
            0.23191980193176903,
            0.0421959555320597,
            0.9718192768249999,
            0,
            0,
            0,
            0,
            1
          ]
        },
        "Vinv": {
          "elements": [
            0.972668089925507,
            -0.011401417130990101,
            0.231919801931769,
            0,
            0.0016502744698181117,
            0.9991079911255392,
            0.042195955532059695,
            0,
            -0.23219402110054443,
            -0.040659928141776866,
            0.9718192768249997,
            0,
            0,
            0,
            0,
            1
          ]
        },
        "degree": 1
      },
      {
        "length": 0.036154030100301986,
        "V": {
          "elements": [
            1,
            -3.555765648347227e-17,
            2.290625468532266e-16,
            0,
            3.555765648347195e-17,
            1,
            1.3531228813252797e-15,
            0,
            -2.30387895962068e-16,
            -1.3531228813252797e-15,
            1,
            0,
            0,
            0,
            0,
            1
          ]
        },
        "Vinv": {
          "elements": [
            1,
            3.555765648347196e-17,
            -2.2906254685322665e-16,
            0,
            -3.555765648347227e-17,
            1,
            -1.3531228813252797e-15,
            0,
            2.3038789596206796e-16,
            1.3531228813252797e-15,
            1,
            0,
            0,
            0,
            0,
            1
          ]
        },
        "degree": 2
      },
      {
        "length": 0.029936133447226548,
        "V": {
          "elements": [
            1,
            -4.466271779395851e-18,
            -7.590919783733651e-34,
            0,
            4.466271779395851e-18,
            1,
            1.6996099115044156e-16,
            0,
            -7.590919783733651e-34,
            -1.6996099115044156e-16,
            1,
            0,
            0,
            0,
            0,
            1
          ]
        },
        "Vinv": {
          "elements": [
            1,
            4.466271779395851e-18,
            0,
            0,
            -4.466271779395851e-18,
            1,
            -1.6996099115044156e-16,
            0,
            0,
            1.6996099115044156e-16,
            1,
            0,
            0,
            0,
            0,
            1
          ]
        },
        "degree": 1
      }
    ],
    "indexFinger": [
      {
        "length": 0.09646544206510002,
        "position": {
          "x": 0.978285293262867,
          "y": 0.04448771461032916,
          "z": 0.2024320336170543
        },
        "V": {
          "elements": [
            0.9709331630273589,
            0.23705916915306616,
            0.03304153831385462,
            0,
            0.2256805891243193,
            -0.952699926866392,
            0.2035463609138502,
            0,
            0.07973120233752963,
            -0.19017307819254844,
            -0.9785076063601053,
            0,
            0,
            0,
            0,
            1
          ]
        },
        "Vinv": {
          "elements": [
            0.978285293262867,
            0.04448771461032916,
            0.2024320336170543,
            0,
            0.04542824673964491,
            -0.9989676042786182,
            1.734723475976807e-18,
            0,
            0.20222304365167745,
            0.009196132371163636,
            -0.9792963145880127,
            0,
            0,
            0,
            0,
            1
          ]
        },
        "degree": 0
      },
      {
        "length": 0.02604930955329912,
        "V": {
          "elements": [
            0.9760297972048354,
            0.15103093340211293,
            -0.1567019212517004,
            0,
            -0.18133980615199805,
            0.962485545966315,
            -0.20183520136656133,
            0,
            0.12033997537411839,
            0.225413466682031,
            0.9668024924281824,
            0,
            0,
            0,
            0,
            1
          ]
        },
        "Vinv": {
          "elements": [
            0.9760297972048356,
            -0.18133980615199802,
            0.1203399753741182,
            0,
            0.15103093340211293,
            0.962485545966315,
            0.225413466682031,
            0,
            -0.15670192125170063,
            -0.20183520136656127,
            0.9668024924281822,
            0,
            0,
            0,
            0,
            1
          ]
        },
        "degree": 2
      },
      {
        "length": 0.019540362488764163,
        "V": {
          "elements": [
            1,
            -3.121329849689118e-16,
            6.112673067314644e-17,
            0,
            3.1213298496891174e-16,
            1,
            6.770220286440063e-16,
            0,
            -7.623247950855507e-17,
            -6.770220286440063e-16,
            1,
            0,
            0,
            0,
            0,
            1
          ]
        },
        "Vinv": {
          "elements": [
            1,
            3.1213298496891174e-16,
            -6.112673067314665e-17,
            0,
            -3.121329849689118e-16,
            1,
            -6.770220286440063e-16,
            0,
            7.623247950855486e-17,
            6.770220286440063e-16,
            1,
            0,
            0,
            0,
            0,
            1
          ]
        },
        "degree": 1
      },
      {
        "length": 0.030835658621802257,
        "V": {
          "elements": [
            1,
            -4.0275174216519944e-17,
            -3.518341488730495e-33,
            0,
            4.0275174216519944e-17,
            1,
            8.735757342267072e-17,
            0,
            -3.518341488730496e-33,
            -8.735757342267073e-17,
            1,
            0,
            0,
            0,
            0,
            1
          ]
        },
        "Vinv": {
          "elements": [
            0.9999999999999999,
            4.027517421651994e-17,
            0,
            0,
            -4.027517421651994e-17,
            0.9999999999999999,
            -8.73575734226707e-17,
            0,
            0,
            8.735757342267072e-17,
            1,
            0,
            0,
            0,
            0,
            1
          ]
        },
        "degree": 1
      }
    ],
    "middleFinger": [
      {
        "length": 0.0927430976432643,
        "position": {
          "x": 1,
          "y": 1.9834242073854873e-18,
          "z": 1.6760836895972509e-18
        },
        "V": {
          "elements": [
            0.9614094777101355,
            0.2514731732250665,
            -0.11159327630838702,
            0,
            0.27400012118654327,
            -0.9117730831215497,
            0.3059310028172737,
            0,
            -0.024814305528946232,
            -0.32470153686599457,
            -0.945490963572882,
            0,
            0,
            0,
            0,
            1
          ]
        },
        "Vinv": {
          "elements": [
            1,
            1.9834242073854873e-18,
            1.6760836895972509e-18,
            0,
            1.9834242073854873e-18,
            -1,
            0,
            0,
            1.6760836895972509e-18,
            3.3243849635511704e-36,
            -1,
            0,
            0,
            0,
            0,
            1
          ]
        },
        "degree": 0
      },
      {
        "length": 0.03333238184320624,
        "V": {
          "elements": [
            0.9614094777101354,
            0.2514731732250668,
            -0.11159327630838725,
            0,
            -0.27400012118654365,
            0.9117730831215493,
            -0.3059310028172746,
            0,
            0.024814305528946094,
            0.32470153686599545,
            0.9454909635728816,
            0,
            0,
            0,
            0,
            1
          ]
        },
        "Vinv": {
          "elements": [
            0.9614094777101355,
            -0.27400012118654377,
            0.024814305528946312,
            0,
            0.2514731732250669,
            0.9117730831215497,
            0.3247015368659956,
            0,
            -0.11159327630838708,
            -0.30593100281727476,
            0.945490963572882,
            0,
            0,
            0,
            0,
            1
          ]
        },
        "degree": 2
      },
      {
        "length": 0.029888802388739387,
        "V": {
          "elements": [
            1,
            -4.243006706418605e-16,
            -4.07405913992682e-31,
            0,
            4.243006706418605e-16,
            1,
            9.601821118415368e-16,
            0,
            -4.07405913992682e-31,
            -9.601821118415368e-16,
            1,
            0,
            0,
            0,
            0,
            1
          ]
        },
        "Vinv": {
          "elements": [
            1,
            4.243006706418605e-16,
            0,
            0,
            -4.243006706418605e-16,
            1,
            -9.601821118415368e-16,
            0,
            0,
            9.601821118415368e-16,
            1,
            0,
            0,
            0,
            0,
            1
          ]
        },
        "degree": 1
      },
      {
        "length": 0.02893863652240166,
        "V": {
          "elements": [
            1,
            2.3143672944101483e-17,
            -1.2121167689038456e-33,
            0,
            -2.3143672944101483e-17,
            1,
            -5.237356973681103e-17,
            0,
            -1.2121167689038456e-33,
            5.2373569736811035e-17,
            1,
            0,
            0,
            0,
            0,
            1
          ]
        },
        "Vinv": {
          "elements": [
            0.9999999999999999,
            -2.3143672944101477e-17,
            0,
            0,
            2.3143672944101477e-17,
            0.9999999999999999,
            5.237356973681102e-17,
            0,
            0,
            -5.237356973681103e-17,
            1,
            0,
            0,
            0,
            0,
            1
          ]
        },
        "degree": 1
      }
    ],
    "ringFinger": [
      {
        "length": 0.09285966409512969,
        "position": {
          "x": 0.9791990079410694,
          "y": 0.018222864500723093,
          "z": -0.20208223587592605
        },
        "V": {
          "elements": [
            0.9113257979884044,
            0.27421285581987986,
            -0.30707100094913525,
            0,
            0.3632087819412355,
            -0.8866856330048543,
            0.28612579216761574,
            0,
            -0.1938160742600113,
            -0.372284700096428,
            -0.9076560094179684,
            0,
            0,
            0,
            0,
            0.9999999999999999
          ]
        },
        "Vinv": {
          "elements": [
            0.9791990079410694,
            0.018222864500723093,
            -0.20208223587592605,
            0,
            0.018606748578148497,
            -0.9998268794683154,
            0,
            0,
            -0.2020472512918072,
            -0.003760093355053456,
            -0.9793685567463286,
            0,
            0,
            0,
            0,
            1
          ]
        },
        "degree": 0
      },
      {
        "length": 0.026746656371572676,
        "V": {
          "elements": [
            0.9381548073552946,
            0.32758312881641294,
            -0.11204843216662816,
            0,
            -0.3461890930478423,
            0.8916343391817682,
            -0.29178985082864733,
            0,
            0.0043207974799222984,
            0.3125339964015774,
            0.9498967479691656,
            0,
            0,
            0,
            0,
            1
          ]
        },
        "Vinv": {
          "elements": [
            0.9381548073552947,
            -0.34618909304784223,
            0.004320797479921974,
            0,
            0.3275831288164129,
            0.8916343391817679,
            0.31253399640157736,
            0,
            -0.11204843216662844,
            -0.2917898508286471,
            0.9498967479691653,
            0,
            0,
            0,
            0,
            1
          ]
        },
        "degree": 2
      },
      {
        "length": 0.02717494032091352,
        "V": {
          "elements": [
            1,
            3.2909903537954035e-16,
            1.2530449815738135e-16,
            0,
            -3.290990353795404e-16,
            1.0000000000000002,
            -6.289018345916493e-16,
            0,
            1.2909927559277873e-16,
            6.289018345916493e-16,
            1.0000000000000002,
            0,
            0,
            0,
            0,
            1
          ]
        },
        "Vinv": {
          "elements": [
            1,
            -3.2909903537954015e-16,
            -1.2530449815738152e-16,
            0,
            3.290990353795402e-16,
            0.9999999999999998,
            6.28901834591649e-16,
            0,
            -1.290992755927789e-16,
            -6.28901834591649e-16,
            0.9999999999999998,
            0,
            0,
            0,
            0,
            1
          ]
        },
        "degree": 1
      },
      {
        "length": 0.027267668266654544,
        "V": {
          "elements": [
            1,
            -1.4820811142242332e-17,
            -2.5060899631476304e-16,
            0,
            1.4820811142242338e-17,
            1,
            2.8322280880413753e-17,
            0,
            2.429463160944275e-16,
            -2.832228088041376e-17,
            1,
            0,
            0,
            0,
            0,
            1
          ]
        },
        "Vinv": {
          "elements": [
            1,
            1.4820811142242338e-17,
            2.5060899631476304e-16,
            0,
            -1.4820811142242332e-17,
            1,
            -2.832228088041376e-17,
            0,
            -2.429463160944275e-16,
            2.8322280880413753e-17,
            1,
            0,
            0,
            0,
            0,
            1
          ]
        },
        "degree": 1
      }
    ],
    "pinky": [
      {
        "length": 0.08308025676296031,
        "position": {
          "x": 0.9224345579699689,
          "y": 0.13137162793492024,
          "z": -0.36311978965140035
        },
        "V": {
          "elements": [
            0.7207876411744486,
            0.3503246356303163,
            -0.5981118841827675,
            0,
            0.6042127015659297,
            -0.7404172822299291,
            0.29446436022317857,
            0,
            -0.3396942560547276,
            -0.5736330689959666,
            -0.7453542208625998,
            0,
            0,
            0,
            0,
            1
          ]
        },
        "Vinv": {
          "elements": [
            0.9224345579699689,
            0.13137162793492024,
            -0.36311978965140035,
            0,
            0.1409956431907167,
            -0.9900102164125563,
            6.938893903907228e-18,
            0,
            -0.3594923015364648,
            -0.051198308297176955,
            -0.9317424635399649,
            0,
            0,
            0,
            0,
            1
          ]
        },
        "degree": 0
      },
      {
        "length": 0.020404165418294453,
        "V": {
          "elements": [
            0.867605542205023,
            0.4341792460468487,
            -0.2423819412359721,
            0,
            -0.4965488303651905,
            0.7824149211422988,
            -0.3758538948006945,
            0,
            0.02645528677012307,
            0.4464473916107925,
            0.8944187186803674,
            0,
            0,
            0,
            0,
            1
          ]
        },
        "Vinv": {
          "elements": [
            0.8676055422050228,
            -0.49654883036519054,
            0.026455286770123262,
            0,
            0.4341792460468487,
            0.7824149211422988,
            0.4464473916107925,
            0,
            -0.2423819412359719,
            -0.37585389480069464,
            0.8944187186803675,
            0,
            0,
            0,
            0,
            1
          ]
        },
        "degree": 2
      },
      {
        "length": 0.02048459750173418,
        "V": {
          "elements": [
            1,
            5.0605552919237e-17,
            1.7292100834219917e-16,
            0,
            -5.060555291923697e-17,
            1,
            -1.8098458570581594e-16,
            0,
            -1.7378868019041347e-16,
            1.8098458570581594e-16,
            1,
            0,
            0,
            0,
            0,
            1
          ]
        },
        "Vinv": {
          "elements": [
            1,
            -5.060555291923697e-17,
            -1.7292100834219917e-16,
            0,
            5.0605552919237e-17,
            1,
            1.8098458570581594e-16,
            0,
            1.7378868019041347e-16,
            -1.8098458570581594e-16,
            1,
            0,
            0,
            0,
            0,
            1
          ]
        },
        "degree": 1
      },
      {
        "length": 0.020122454135820107,
        "V": {
          "elements": [
            1,
            1.456699651390987e-17,
            -5.764033611406638e-17,
            0,
            -1.4566996513909872e-17,
            1,
            -5.2097085733962034e-17,
            0,
            4.761198668858185e-17,
            5.2097085733962034e-17,
            1,
            0,
            0,
            0,
            0,
            1
          ]
        },
        "Vinv": {
          "elements": [
            1,
            -1.4566996513909872e-17,
            5.764033611406638e-17,
            0,
            1.456699651390987e-17,
            1,
            5.2097085733962034e-17,
            0,
            -4.761198668858185e-17,
            -5.2097085733962034e-17,
            1,
            0,
            0,
            0,
